HDF: 2.318942070007324
Feater: 0.3278501033782959
Parquet: 0.6261241436004639