HDF: 2.228956937789917
Feater: 0.3121762275695801
Parquet: 0.48633909225463867