HDF: 1.8620290756225586
Feater: 0.2583298683166504
Parquet: 0.4647250175476074